/*--------------------------------*- C++ -*----------------------------------*\
| =========                 |                                                 |
| \\      /  F ield         | OpenFOAM: The Open Source CFD Toolbox           |
|  \\    /   O peration     | Version:  2306                                  |
|   \\  /    A nd           | Website:  www.openfoam.com                      |
|    \\/     M anipulation  |                                                 |
\*---------------------------------------------------------------------------*/
FoamFile
{
    version     2.0;
    format      ascii;
    arch        "LSB;label=32;scalar=64";
    note        "nPoints:8532  nCells:5604  nFaces:21077  nInternalFaces:9543";
    class       labelList;
    location    "constant/polyMesh";
    object      neighbour;
}
// * * * * * * * * * * * * * * * * * * * * * * * * * * * * * * * * * * * * * //


9543
(
1
38
2545
2
39
3
40
4
41
5
42
6
43
7
44
8
45
9
46
10
47
11
48
12
49
13
50
14
51
15
52
16
53
17
54
18
55
19
56
20
57
21
58
22
59
23
60
24
61
25
62
26
63
27
64
28
65
29
66
30
67
31
68
32
69
33
70
34
71
35
72
36
73
37
74
75
39
76
2551
40
77
41
78
42
79
43
80
44
81
45
82
46
83
47
84
48
85
49
86
50
87
51
88
52
89
53
90
54
91
55
92
56
93
57
94
58
95
59
96
60
97
61
98
62
99
63
100
64
101
65
102
66
103
67
104
68
105
69
106
70
107
71
108
72
109
73
110
74
111
75
112
113
77
114
2557
78
115
79
116
80
117
81
118
82
119
83
120
84
121
85
122
86
123
87
124
88
125
89
126
90
127
91
128
92
129
93
130
94
131
95
132
96
133
97
134
98
135
99
136
100
137
101
138
102
139
103
140
104
141
105
142
106
143
107
144
108
145
109
146
110
147
111
148
112
149
113
150
151
115
152
2563
116
153
117
154
118
155
119
156
120
157
121
158
122
159
123
160
124
161
125
162
126
163
127
164
128
165
129
166
130
167
131
168
132
169
133
170
134
171
135
172
136
173
137
174
138
175
139
176
140
177
141
178
142
179
143
180
144
181
145
182
146
183
147
184
148
185
149
186
150
187
151
188
189
153
190
2569
154
191
155
192
156
193
157
194
158
195
159
196
160
197
161
198
162
199
163
200
164
201
165
202
166
203
167
204
168
205
169
206
170
207
171
208
172
209
173
210
174
211
175
212
176
213
177
214
178
215
179
216
180
217
181
218
182
219
183
220
184
221
185
222
186
223
187
224
188
225
189
226
227
191
228
2575
192
229
193
230
194
231
195
232
196
233
197
234
198
235
199
236
200
237
201
238
202
239
203
240
204
241
205
242
206
243
207
244
208
245
209
246
210
247
211
248
212
249
213
250
214
251
215
252
216
253
217
254
218
255
219
256
220
257
221
258
222
259
223
260
224
261
225
262
226
263
227
264
265
229
266
2581
230
267
231
268
232
269
233
270
234
271
235
272
236
273
237
274
238
275
239
276
240
277
241
278
242
279
243
280
244
281
245
282
246
283
247
284
248
285
249
286
250
287
251
288
252
289
253
290
254
291
255
292
256
293
257
294
258
295
259
296
260
297
261
298
262
299
263
300
264
301
265
302
303
267
304
2587
268
305
269
306
270
307
271
308
272
309
273
310
274
311
275
312
276
313
277
314
278
315
279
316
280
317
281
318
282
319
283
320
284
321
285
322
286
323
287
324
288
325
289
326
290
327
291
328
292
329
293
330
294
331
295
332
296
333
297
334
298
335
299
336
300
337
301
338
302
339
303
340
341
305
342
2593
306
343
307
344
308
345
309
346
310
347
311
348
312
349
313
350
314
351
315
352
316
353
317
354
318
355
319
356
320
357
321
358
322
359
323
360
324
361
325
362
326
363
327
364
328
365
329
366
330
367
331
368
332
369
333
370
334
371
335
372
336
373
337
374
338
375
339
376
340
377
341
378
379
343
2599
2600
344
2601
345
2752
346
2602
347
2754
348
2603
349
2756
350
2604
351
2757
352
2605
353
2758
354
2606
355
2761
356
2607
357
2762
358
2608
359
2765
360
2609
361
2767
362
2610
363
2770
364
2611
365
2773
366
2612
367
2776
368
2613
369
2777
370
2614
371
2780
372
2615
373
2783
374
2616
375
2784
376
2617
377
2785
378
2618
379
2788
2619
381
418
382
419
383
420
384
421
385
422
386
423
387
424
388
425
389
426
390
427
391
428
392
429
393
430
394
431
395
432
396
433
397
434
398
435
399
436
400
437
401
438
402
439
403
440
404
441
405
442
406
443
407
444
408
445
409
446
410
447
411
448
412
449
413
450
414
451
415
452
416
453
417
454
455
760
419
456
420
457
421
458
422
459
423
460
424
461
425
462
426
463
427
464
428
465
429
466
430
467
431
468
432
469
433
470
434
471
435
472
436
473
437
474
438
475
439
476
440
477
441
478
442
479
443
480
444
481
445
482
446
483
447
484
448
485
449
486
450
487
451
488
452
489
453
490
454
491
455
492
493
766
457
494
458
495
459
496
460
497
461
498
462
499
463
500
464
501
465
502
466
503
467
504
468
505
469
506
470
507
471
508
472
509
473
510
474
511
475
512
476
513
477
514
478
515
479
516
480
517
481
518
482
519
483
520
484
521
485
522
486
523
487
524
488
525
489
526
490
527
491
528
492
529
493
530
531
772
495
532
496
533
497
534
498
535
499
536
500
537
501
538
502
539
503
540
504
541
505
542
506
543
507
544
508
545
509
546
510
547
511
548
512
549
513
550
514
551
515
552
516
553
517
554
518
555
519
556
520
557
521
558
522
559
523
560
524
561
525
562
526
563
527
564
528
565
529
566
530
567
531
568
569
778
533
570
534
571
535
572
536
573
537
574
538
575
539
576
540
577
541
578
542
579
543
580
544
581
545
582
546
583
547
584
548
585
549
586
550
587
551
588
552
589
553
590
554
591
555
592
556
593
557
594
558
595
559
596
560
597
561
598
562
599
563
600
564
601
565
602
566
603
567
604
568
605
569
606
607
784
571
608
572
609
573
610
574
611
575
612
576
613
577
614
578
615
579
616
580
617
581
618
582
619
583
620
584
621
585
622
586
623
587
624
588
625
589
626
590
627
591
628
592
629
593
630
594
631
595
632
596
633
597
634
598
635
599
636
600
637
601
638
602
639
603
640
604
641
605
642
606
643
607
644
645
790
609
646
610
647
611
648
612
649
613
650
614
651
615
652
616
653
617
654
618
655
619
656
620
657
621
658
622
659
623
660
624
661
625
662
626
663
627
664
628
665
629
666
630
667
631
668
632
669
633
670
634
671
635
672
636
673
637
674
638
675
639
676
640
677
641
678
642
679
643
680
644
681
645
682
683
796
647
684
648
685
649
686
650
687
651
688
652
689
653
690
654
691
655
692
656
693
657
694
658
695
659
696
660
697
661
698
662
699
663
700
664
701
665
702
666
703
667
704
668
705
669
706
670
707
671
708
672
709
673
710
674
711
675
712
676
713
677
714
678
715
679
716
680
717
681
718
682
719
683
720
721
802
685
722
686
723
687
724
688
725
689
726
690
727
691
728
692
729
693
730
694
731
695
732
696
733
697
734
698
735
699
736
700
737
701
738
702
739
703
740
704
741
705
742
706
743
707
744
708
745
709
746
710
747
711
748
712
749
713
750
714
751
715
752
716
753
717
754
718
755
719
756
720
757
721
758
759
808
723
2626
724
2627
725
2796
726
2628
727
2799
728
2629
729
2800
730
2630
731
2801
732
2631
733
2802
734
2632
735
2803
736
2633
737
2804
738
2634
739
2805
740
2635
741
2806
742
2636
743
2807
744
2637
745
2808
746
2638
747
2809
748
2639
749
2810
750
2640
751
2811
752
2641
753
2812
754
2642
755
2813
756
2643
757
2814
758
2644
759
2816
814
2645
761
766
762
767
763
768
764
769
765
770
771
820
767
772
768
773
769
774
770
775
771
776
777
824
773
778
774
779
775
780
776
781
777
782
783
828
779
784
780
785
781
786
782
787
783
788
789
832
785
790
786
791
787
792
788
793
789
794
795
836
791
796
792
797
793
798
794
799
795
800
801
840
797
802
798
803
799
804
800
805
801
806
807
844
803
808
804
809
805
810
806
811
807
812
813
848
809
814
810
815
811
816
812
817
813
818
819
852
815
2645
816
2646
817
2817
818
2647
819
2820
856
2648
821
824
822
825
823
826
827
860
825
828
826
829
827
830
831
866
829
832
830
833
831
834
835
872
833
836
834
837
835
838
839
878
837
840
838
841
839
842
843
884
841
844
842
845
843
846
847
890
845
848
846
849
847
850
851
896
849
852
850
853
851
854
855
902
853
856
854
857
855
858
859
908
857
3435
858
4122
859
4121
914
3438
861
866
862
867
863
868
864
869
865
870
871
920
867
872
868
873
869
874
870
875
871
876
877
996
873
878
874
879
875
880
876
881
877
882
883
1072
879
884
880
885
881
886
882
887
883
888
889
1148
885
890
886
891
887
892
888
893
889
894
895
1224
891
896
892
897
893
898
894
899
895
900
901
1300
897
902
898
903
899
904
900
905
901
906
907
1376
903
908
904
909
905
910
906
911
907
912
913
1452
909
914
910
915
911
916
912
917
913
918
919
1528
915
2649
916
2821
917
2650
918
2822
919
2651
1604
2652
921
996
922
997
923
998
924
999
925
1000
926
1001
927
1002
928
1003
929
1004
930
1005
931
1006
932
1007
933
1008
934
1009
935
1010
936
1011
937
1012
938
1013
939
1014
940
1015
941
1016
942
1017
943
1018
944
1019
945
1020
946
1021
947
1022
948
1023
949
1024
950
1025
951
1026
952
1027
953
1028
954
1029
955
1030
956
1031
957
1032
958
1033
959
1034
960
1035
961
1036
962
1037
963
1038
964
1039
965
1040
966
1041
967
1042
968
1043
969
1044
970
1045
971
1046
972
1047
973
1048
974
1049
975
1050
976
1051
977
1052
978
1053
979
1054
980
1055
981
1056
982
1057
983
1058
984
1059
985
1060
986
1061
987
1062
988
1063
989
1064
990
1065
991
1066
992
1067
993
1068
994
1069
995
1070
1071
997
1072
998
1073
999
1074
1000
1075
1001
1076
1002
1077
1003
1078
1004
1079
1005
1080
1006
1081
1007
1082
1008
1083
1009
1084
1010
1085
1011
1086
1012
1087
1013
1088
1014
1089
1015
1090
1016
1091
1017
1092
1018
1093
1019
1094
1020
1095
1021
1096
1022
1097
1023
1098
1024
1099
1025
1100
1026
1101
1027
1102
1028
1103
1029
1104
1030
1105
1031
1106
1032
1107
1033
1108
1034
1109
1035
1110
1036
1111
1037
1112
1038
1113
1039
1114
1040
1115
1041
1116
1042
1117
1043
1118
1044
1119
1045
1120
1046
1121
1047
1122
1048
1123
1049
1124
1050
1125
1051
1126
1052
1127
1053
1128
1054
1129
1055
1130
1056
1131
1057
1132
1058
1133
1059
1134
1060
1135
1061
1136
1062
1137
1063
1138
1064
1139
1065
1140
1066
1141
1067
1142
1068
1143
1069
1144
1070
1145
1071
1146
1147
1073
1148
1074
1149
1075
1150
1076
1151
1077
1152
1078
1153
1079
1154
1080
1155
1081
1156
1082
1157
1083
1158
1084
1159
1085
1160
1086
1161
1087
1162
1088
1163
1089
1164
1090
1165
1091
1166
1092
1167
1093
1168
1094
1169
1095
1170
1096
1171
1097
1172
1098
1173
1099
1174
1100
1175
1101
1176
1102
1177
1103
1178
1104
1179
1105
1180
1106
1181
1107
1182
1108
1183
1109
1184
1110
1185
1111
1186
1112
1187
1113
1188
1114
1189
1115
1190
1116
1191
1117
1192
1118
1193
1119
1194
1120
1195
1121
1196
1122
1197
1123
1198
1124
1199
1125
1200
1126
1201
1127
1202
1128
1203
1129
1204
1130
1205
1131
1206
1132
1207
1133
1208
1134
1209
1135
1210
1136
1211
1137
1212
1138
1213
1139
1214
1140
1215
1141
1216
1142
1217
1143
1218
1144
1219
1145
1220
1146
1221
1147
1222
1223
1149
1224
1150
1225
1151
1226
1152
1227
1153
1228
1154
1229
1155
1230
1156
1231
1157
1232
1158
1233
1159
1234
1160
1235
1161
1236
1162
1237
1163
1238
1164
1239
1165
1240
1166
1241
1167
1242
1168
1243
1169
1244
1170
1245
1171
1246
1172
1247
1173
1248
1174
1249
1175
1250
1176
1251
1177
1252
1178
1253
1179
1254
1180
1255
1181
1256
1182
1257
1183
1258
1184
1259
1185
1260
1186
1261
1187
1262
1188
1263
1189
1264
1190
1265
1191
1266
1192
1267
1193
1268
1194
1269
1195
1270
1196
1271
1197
1272
1198
1273
1199
1274
1200
1275
1201
1276
1202
1277
1203
1278
1204
1279
1205
1280
1206
1281
1207
1282
1208
1283
1209
1284
1210
1285
1211
1286
1212
1287
1213
1288
1214
1289
1215
1290
1216
1291
1217
1292
1218
1293
1219
1294
1220
1295
1221
1296
1222
1297
1223
1298
1299
1225
1300
1226
1301
1227
1302
1228
1303
1229
1304
1230
1305
1231
1306
1232
1307
1233
1308
1234
1309
1235
1310
1236
1311
1237
1312
1238
1313
1239
1314
1240
1315
1241
1316
1242
1317
1243
1318
1244
1319
1245
1320
1246
1321
1247
1322
1248
1323
1249
1324
1250
1325
1251
1326
1252
1327
1253
1328
1254
1329
1255
1330
1256
1331
1257
1332
1258
1333
1259
1334
1260
1335
1261
1336
1262
1337
1263
1338
1264
1339
1265
1340
1266
1341
1267
1342
1268
1343
1269
1344
1270
1345
1271
1346
1272
1347
1273
1348
1274
1349
1275
1350
1276
1351
1277
1352
1278
1353
1279
1354
1280
1355
1281
1356
1282
1357
1283
1358
1284
1359
1285
1360
1286
1361
1287
1362
1288
1363
1289
1364
1290
1365
1291
1366
1292
1367
1293
1368
1294
1369
1295
1370
1296
1371
1297
1372
1298
1373
1299
1374
1375
1301
1376
1302
1377
1303
1378
1304
1379
1305
1380
1306
1381
1307
1382
1308
1383
1309
1384
1310
1385
1311
1386
1312
1387
1313
1388
1314
1389
1315
1390
1316
1391
1317
1392
1318
1393
1319
1394
1320
1395
1321
1396
1322
1397
1323
1398
1324
1399
1325
1400
1326
1401
1327
1402
1328
1403
1329
1404
1330
1405
1331
1406
1332
1407
1333
1408
1334
1409
1335
1410
1336
1411
1337
1412
1338
1413
1339
1414
1340
1415
1341
1416
1342
1417
1343
1418
1344
1419
1345
1420
1346
1421
1347
1422
1348
1423
1349
1424
1350
1425
1351
1426
1352
1427
1353
1428
1354
1429
1355
1430
1356
1431
1357
1432
1358
1433
1359
1434
1360
1435
1361
1436
1362
1437
1363
1438
1364
1439
1365
1440
1366
1441
1367
1442
1368
1443
1369
1444
1370
1445
1371
1446
1372
1447
1373
1448
1374
1449
1375
1450
1451
1377
1452
1378
1453
1379
1454
1380
1455
1381
1456
1382
1457
1383
1458
1384
1459
1385
1460
1386
1461
1387
1462
1388
1463
1389
1464
1390
1465
1391
1466
1392
1467
1393
1468
1394
1469
1395
1470
1396
1471
1397
1472
1398
1473
1399
1474
1400
1475
1401
1476
1402
1477
1403
1478
1404
1479
1405
1480
1406
1481
1407
1482
1408
1483
1409
1484
1410
1485
1411
1486
1412
1487
1413
1488
1414
1489
1415
1490
1416
1491
1417
1492
1418
1493
1419
1494
1420
1495
1421
1496
1422
1497
1423
1498
1424
1499
1425
1500
1426
1501
1427
1502
1428
1503
1429
1504
1430
1505
1431
1506
1432
1507
1433
1508
1434
1509
1435
1510
1436
1511
1437
1512
1438
1513
1439
1514
1440
1515
1441
1516
1442
1517
1443
1518
1444
1519
1445
1520
1446
1521
1447
1522
1448
1523
1449
1524
1450
1525
1451
1526
1527
1453
1528
1454
1529
1455
1530
1456
1531
1457
1532
1458
1533
1459
1534
1460
1535
1461
1536
1462
1537
1463
1538
1464
1539
1465
1540
1466
1541
1467
1542
1468
1543
1469
1544
1470
1545
1471
1546
1472
1547
1473
1548
1474
1549
1475
1550
1476
1551
1477
1552
1478
1553
1479
1554
1480
1555
1481
1556
1482
1557
1483
1558
1484
1559
1485
1560
1486
1561
1487
1562
1488
1563
1489
1564
1490
1565
1491
1566
1492
1567
1493
1568
1494
1569
1495
1570
1496
1571
1497
1572
1498
1573
1499
1574
1500
1575
1501
1576
1502
1577
1503
1578
1504
1579
1505
1580
1506
1581
1507
1582
1508
1583
1509
1584
1510
1585
1511
1586
1512
1587
1513
1588
1514
1589
1515
1590
1516
1591
1517
1592
1518
1593
1519
1594
1520
1595
1521
1596
1522
1597
1523
1598
1524
1599
1525
1600
1526
1601
1527
1602
1603
1529
1604
1530
1605
1531
1606
1532
1607
1533
1608
1534
1609
1535
1610
1536
1611
1537
1612
1538
1613
1539
1614
1540
1615
1541
1616
1542
1617
1543
1618
1544
1619
1545
1620
1546
1621
1547
1622
1548
1623
1549
1624
1550
1625
1551
1626
1552
1627
1553
1628
1554
1629
1555
1630
1556
1631
1557
1632
1558
1633
1559
1634
1560
1635
1561
1636
1562
1637
1563
1638
1564
1639
1565
1640
1566
1641
1567
1642
1568
1643
1569
1644
1570
1645
1571
1646
1572
1647
1573
1648
1574
1649
1575
1650
1576
1651
1577
1652
1578
1653
1579
1654
1580
1655
1581
1656
1582
1657
1583
1658
1584
1659
1585
1660
1586
1661
1587
1662
1588
1663
1589
1664
1590
1665
1591
1666
1592
1667
1593
1668
1594
1669
1595
1670
1596
1671
1597
1672
1598
1673
1599
1674
1600
1675
1601
1676
1602
1677
1603
1678
1679
1605
2654
1606
2655
1607
2656
1608
2829
1609
2657
1610
2831
1611
2658
1612
2824
1613
2659
1614
2833
1615
2660
1616
2834
1617
2661
1618
2835
1619
2662
1620
2836
1621
2663
1622
2839
1623
2664
1624
2842
1625
2665
1626
2843
1627
2666
1628
2844
1629
2667
1630
2845
1631
2668
1632
2848
1633
2669
1634
2851
1635
2670
1636
2852
1637
2671
1638
2853
1639
2672
1640
2854
1641
2673
1642
2857
1643
2674
1644
2860
1645
2675
1646
2861
1647
2676
1648
2862
1649
2677
1650
2863
1651
2678
1652
2866
1653
2679
1654
2869
1655
2680
1656
2870
1657
2681
1658
2871
1659
2682
1660
2872
1661
2683
1662
2873
1663
2684
1664
2874
1665
2685
1666
2875
1667
2686
1668
2876
1669
2687
1670
2877
1671
2688
1672
2878
1673
2689
1674
2879
1675
2690
1676
2880
1677
2691
1678
2881
1679
2692
2693
1681
1756
1682
1757
1683
1758
1684
1759
1685
1760
1686
1761
1687
1762
1688
1763
1689
1764
1690
1765
1691
1766
1692
1767
1693
1768
1694
1769
1695
1770
1696
1771
1697
1772
1698
1773
1699
1774
1700
1775
1701
1776
1702
1777
1703
1778
1704
1779
1705
1780
1706
1781
1707
1782
1708
1783
1709
1784
1710
1785
1711
1786
1712
1787
1713
1788
1714
1789
1715
1790
1716
1791
1717
1792
1718
1793
1719
1794
1720
1795
1721
1796
1722
1797
1723
1798
1724
1799
1725
1800
1726
1801
1727
1802
1728
1803
1729
1804
1730
1805
1731
1806
1732
1807
1733
1808
1734
1809
1735
1810
1736
1811
1737
1812
1738
1813
1739
1814
1740
1815
1741
1816
1742
1817
1743
1818
1744
1819
1745
1820
1746
1821
1747
1822
1748
1823
1749
1824
1750
1825
1751
1826
1752
1827
1753
1828
1754
1829
1755
1830
1831
2440
1757
1832
1758
1833
1759
1834
1760
1835
1761
1836
1762
1837
1763
1838
1764
1839
1765
1840
1766
1841
1767
1842
1768
1843
1769
1844
1770
1845
1771
1846
1772
1847
1773
1848
1774
1849
1775
1850
1776
1851
1777
1852
1778
1853
1779
1854
1780
1855
1781
1856
1782
1857
1783
1858
1784
1859
1785
1860
1786
1861
1787
1862
1788
1863
1789
1864
1790
1865
1791
1866
1792
1867
1793
1868
1794
1869
1795
1870
1796
1871
1797
1872
1798
1873
1799
1874
1800
1875
1801
1876
1802
1877
1803
1878
1804
1879
1805
1880
1806
1881
1807
1882
1808
1883
1809
1884
1810
1885
1811
1886
1812
1887
1813
1888
1814
1889
1815
1890
1816
1891
1817
1892
1818
1893
1819
1894
1820
1895
1821
1896
1822
1897
1823
1898
1824
1899
1825
1900
1826
1901
1827
1902
1828
1903
1829
1904
1830
1905
1831
1906
1907
2446
1833
1908
1834
1909
1835
1910
1836
1911
1837
1912
1838
1913
1839
1914
1840
1915
1841
1916
1842
1917
1843
1918
1844
1919
1845
1920
1846
1921
1847
1922
1848
1923
1849
1924
1850
1925
1851
1926
1852
1927
1853
1928
1854
1929
1855
1930
1856
1931
1857
1932
1858
1933
1859
1934
1860
1935
1861
1936
1862
1937
1863
1938
1864
1939
1865
1940
1866
1941
1867
1942
1868
1943
1869
1944
1870
1945
1871
1946
1872
1947
1873
1948
1874
1949
1875
1950
1876
1951
1877
1952
1878
1953
1879
1954
1880
1955
1881
1956
1882
1957
1883
1958
1884
1959
1885
1960
1886
1961
1887
1962
1888
1963
1889
1964
1890
1965
1891
1966
1892
1967
1893
1968
1894
1969
1895
1970
1896
1971
1897
1972
1898
1973
1899
1974
1900
1975
1901
1976
1902
1977
1903
1978
1904
1979
1905
1980
1906
1981
1907
1982
1983
2452
1909
1984
1910
1985
1911
1986
1912
1987
1913
1988
1914
1989
1915
1990
1916
1991
1917
1992
1918
1993
1919
1994
1920
1995
1921
1996
1922
1997
1923
1998
1924
1999
1925
2000
1926
2001
1927
2002
1928
2003
1929
2004
1930
2005
1931
2006
1932
2007
1933
2008
1934
2009
1935
2010
1936
2011
1937
2012
1938
2013
1939
2014
1940
2015
1941
2016
1942
2017
1943
2018
1944
2019
1945
2020
1946
2021
1947
2022
1948
2023
1949
2024
1950
2025
1951
2026
1952
2027
1953
2028
1954
2029
1955
2030
1956
2031
1957
2032
1958
2033
1959
2034
1960
2035
1961
2036
1962
2037
1963
2038
1964
2039
1965
2040
1966
2041
1967
2042
1968
2043
1969
2044
1970
2045
1971
2046
1972
2047
1973
2048
1974
2049
1975
2050
1976
2051
1977
2052
1978
2053
1979
2054
1980
2055
1981
2056
1982
2057
1983
2058
2059
2458
1985
2060
1986
2061
1987
2062
1988
2063
1989
2064
1990
2065
1991
2066
1992
2067
1993
2068
1994
2069
1995
2070
1996
2071
1997
2072
1998
2073
1999
2074
2000
2075
2001
2076
2002
2077
2003
2078
2004
2079
2005
2080
2006
2081
2007
2082
2008
2083
2009
2084
2010
2085
2011
2086
2012
2087
2013
2088
2014
2089
2015
2090
2016
2091
2017
2092
2018
2093
2019
2094
2020
2095
2021
2096
2022
2097
2023
2098
2024
2099
2025
2100
2026
2101
2027
2102
2028
2103
2029
2104
2030
2105
2031
2106
2032
2107
2033
2108
2034
2109
2035
2110
2036
2111
2037
2112
2038
2113
2039
2114
2040
2115
2041
2116
2042
2117
2043
2118
2044
2119
2045
2120
2046
2121
2047
2122
2048
2123
2049
2124
2050
2125
2051
2126
2052
2127
2053
2128
2054
2129
2055
2130
2056
2131
2057
2132
2058
2133
2059
2134
2135
2464
2061
2136
2062
2137
2063
2138
2064
2139
2065
2140
2066
2141
2067
2142
2068
2143
2069
2144
2070
2145
2071
2146
2072
2147
2073
2148
2074
2149
2075
2150
2076
2151
2077
2152
2078
2153
2079
2154
2080
2155
2081
2156
2082
2157
2083
2158
2084
2159
2085
2160
2086
2161
2087
2162
2088
2163
2089
2164
2090
2165
2091
2166
2092
2167
2093
2168
2094
2169
2095
2170
2096
2171
2097
2172
2098
2173
2099
2174
2100
2175
2101
2176
2102
2177
2103
2178
2104
2179
2105
2180
2106
2181
2107
2182
2108
2183
2109
2184
2110
2185
2111
2186
2112
2187
2113
2188
2114
2189
2115
2190
2116
2191
2117
2192
2118
2193
2119
2194
2120
2195
2121
2196
2122
2197
2123
2198
2124
2199
2125
2200
2126
2201
2127
2202
2128
2203
2129
2204
2130
2205
2131
2206
2132
2207
2133
2208
2134
2209
2135
2210
2211
2470
2137
2212
2138
2213
2139
2214
2140
2215
2141
2216
2142
2217
2143
2218
2144
2219
2145
2220
2146
2221
2147
2222
2148
2223
2149
2224
2150
2225
2151
2226
2152
2227
2153
2228
2154
2229
2155
2230
2156
2231
2157
2232
2158
2233
2159
2234
2160
2235
2161
2236
2162
2237
2163
2238
2164
2239
2165
2240
2166
2241
2167
2242
2168
2243
2169
2244
2170
2245
2171
2246
2172
2247
2173
2248
2174
2249
2175
2250
2176
2251
2177
2252
2178
2253
2179
2254
2180
2255
2181
2256
2182
2257
2183
2258
2184
2259
2185
2260
2186
2261
2187
2262
2188
2263
2189
2264
2190
2265
2191
2266
2192
2267
2193
2268
2194
2269
2195
2270
2196
2271
2197
2272
2198
2273
2199
2274
2200
2275
2201
2276
2202
2277
2203
2278
2204
2279
2205
2280
2206
2281
2207
2282
2208
2283
2209
2284
2210
2285
2211
2286
2287
2476
2213
2288
2214
2289
2215
2290
2216
2291
2217
2292
2218
2293
2219
2294
2220
2295
2221
2296
2222
2297
2223
2298
2224
2299
2225
2300
2226
2301
2227
2302
2228
2303
2229
2304
2230
2305
2231
2306
2232
2307
2233
2308
2234
2309
2235
2310
2236
2311
2237
2312
2238
2313
2239
2314
2240
2315
2241
2316
2242
2317
2243
2318
2244
2319
2245
2320
2246
2321
2247
2322
2248
2323
2249
2324
2250
2325
2251
2326
2252
2327
2253
2328
2254
2329
2255
2330
2256
2331
2257
2332
2258
2333
2259
2334
2260
2335
2261
2336
2262
2337
2263
2338
2264
2339
2265
2340
2266
2341
2267
2342
2268
2343
2269
2344
2270
2345
2271
2346
2272
2347
2273
2348
2274
2349
2275
2350
2276
2351
2277
2352
2278
2353
2279
2354
2280
2355
2281
2356
2282
2357
2283
2358
2284
2359
2285
2360
2286
2361
2287
2362
2363
2482
2289
2364
2290
2365
2291
2366
2292
2367
2293
2368
2294
2369
2295
2370
2296
2371
2297
2372
2298
2373
2299
2374
2300
2375
2301
2376
2302
2377
2303
2378
2304
2379
2305
2380
2306
2381
2307
2382
2308
2383
2309
2384
2310
2385
2311
2386
2312
2387
2313
2388
2314
2389
2315
2390
2316
2391
2317
2392
2318
2393
2319
2394
2320
2395
2321
2396
2322
2397
2323
2398
2324
2399
2325
2400
2326
2401
2327
2402
2328
2403
2329
2404
2330
2405
2331
2406
2332
2407
2333
2408
2334
2409
2335
2410
2336
2411
2337
2412
2338
2413
2339
2414
2340
2415
2341
2416
2342
2417
2343
2418
2344
2419
2345
2420
2346
2421
2347
2422
2348
2423
2349
2424
2350
2425
2351
2426
2352
2427
2353
2428
2354
2429
2355
2430
2356
2431
2357
2432
2358
2433
2359
2434
2360
2435
2361
2436
2362
2437
2363
2438
2439
2488
2365
2702
2366
2892
2367
2703
2368
2893
2369
2704
2370
2894
2371
2705
2372
2897
2373
2706
2374
2898
2375
2707
2376
2901
2377
2708
2378
2902
2379
2709
2380
2903
2381
2710
2382
2904
2383
2711
2384
2905
2385
2712
2386
2908
2387
2713
2388
2909
2389
2714
2390
2910
2391
2715
2392
2913
2393
2716
2394
2916
2395
2717
2396
2919
2397
2718
2398
2920
2399
2719
2400
2921
2401
2720
2402
2924
2403
2721
2404
2926
2405
2722
2406
2928
2407
2723
2408
2929
2409
2724
2410
2932
2411
2725
2412
2933
2413
2726
2414
2936
2415
2727
2416
2938
2417
2728
2418
2941
2419
2729
2420
2942
2421
2730
2422
2943
2423
2731
2424
2944
2425
2732
2426
2947
2427
2733
2428
2948
2429
2734
2430
2951
2431
2735
2432
2952
2433
2736
2434
2955
2435
2737
2436
2958
2437
2738
2438
2959
2439
2739
2494
2740
2441
2446
2442
2447
2443
2448
2444
2449
2445
2450
2451
2500
2447
2452
2448
2453
2449
2454
2450
2455
2451
2456
2457
2504
2453
2458
2454
2459
2455
2460
2456
2461
2457
2462
2463
2508
2459
2464
2460
2465
2461
2466
2462
2467
2463
2468
2469
2512
2465
2470
2466
2471
2467
2472
2468
2473
2469
2474
2475
2516
2471
2476
2472
2477
2473
2478
2474
2479
2475
2480
2481
2520
2477
2482
2478
2483
2479
2484
2480
2485
2481
2486
2487
2524
2483
2488
2484
2489
2485
2490
2486
2491
2487
2492
2493
2528
2489
2494
2490
2495
2491
2496
2492
2497
2493
2498
2499
2532
2495
2742
2496
2743
2497
2744
2498
2968
2499
2745
2536
2970
2501
2504
2502
2505
2503
2506
2507
2540
2505
2508
2506
2509
2507
2510
2511
2546
2509
2512
2510
2513
2511
2514
2515
2552
2513
2516
2514
2517
2515
2518
2519
2558
2517
2520
2518
2521
2519
2522
2523
2564
2521
2524
2522
2525
2523
2526
2527
2570
2525
2528
2526
2529
2527
2530
2531
2576
2529
2532
2530
2533
2531
2534
2535
2582
2533
2536
2534
2537
2535
2538
2539
2588
2537
4123
2538
3437
2539
3436
2594
4214
2541
2546
2542
2547
2543
2548
2544
2549
2545
2550
2551
2547
2552
2548
2553
2549
2554
2550
2555
2551
2556
2557
2553
2558
2554
2559
2555
2560
2556
2561
2557
2562
2563
2559
2564
2560
2565
2561
2566
2562
2567
2563
2568
2569
2565
2570
2566
2571
2567
2572
2568
2573
2569
2574
2575
2571
2576
2572
2577
2573
2578
2574
2579
2575
2580
2581
2577
2582
2578
2583
2579
2584
2580
2585
2581
2586
2587
2583
2588
2584
2589
2585
2590
2586
2591
2587
2592
2593
2589
2594
2590
2595
2591
2596
2592
2597
2593
2598
2599
2595
2746
2596
2963
2597
2747
2598
2972
2599
2748
2600
2974
2751
3349
2753
2815
2755
2976
2977
3107
2759
3106
2760
2979
2763
2978
2764
2980
2766
2768
2769
2771
2772
2774
2775
2982
2778
2981
2779
2781
2782
2984
2983
2985
2786
3111
2787
2986
2749
2749
3113
2987
3112
2988
3110
2989
3109
2990
3108
2794
3077
2794
2795
2797
2798
2991
2992
3116
2993
3115
2994
3114
2995
3078
2996
3079
2997
3080
2998
3081
2999
3082
3000
3083
3001
3084
3002
3085
3003
3086
3004
3087
3005
3088
3006
3089
2975
3090
2750
2750
2818
2819
3007
3117
4233
3008
5031
3009
3118
2653
3091
2653
2654
2826
2655
2825
2827
2828
2830
3010
2823
3121
2832
3011
3012
3122
3013
3120
2837
3119
2838
2840
2841
3015
3014
3016
3017
3124
2846
3123
2847
2849
2850
3019
3018
3020
3021
3126
2855
3125
2856
2858
2859
3023
3022
3024
3025
3128
2864
3127
2865
2867
2868
3027
3026
3028
3029
3130
3030
3129
3031
3092
3032
3093
3033
3094
3034
3095
3035
3096
3036
3097
3037
3098
3038
3099
3039
3100
3040
3101
2882
2882
2883
2885
2887
2888
3042
3041
3043
3044
3132
2701
3131
2701
2702
3286
3046
3045
3102
2895
3103
2896
3047
2899
3133
2900
3049
3048
3050
3051
3134
3052
3104
2906
3105
2907
3054
3053
3055
2911
3135
2912
2914
2915
2917
2918
3057
3056
3058
2922
3136
2923
3059
2925
3060
2927
3061
2930
3137
2931
3063
2934
3062
2935
3064
2937
2939
2940
3066
3065
3067
3068
3139
2945
3138
2946
3070
2949
3069
2950
3072
2953
3071
2954
2956
2957
3074
2960
3073
2741
2961
2741
2742
2965
2743
2964
2966
2967
2969
3076
2962
4006
2971
3075
2974
3140
2973
3161
2752
3208
2753
3142
2755
2815
3141
2976
3107
2977
3106
2759
2760
3369
3397
2978
2979
2763
2764
3374
3370
2766
2980
3368
2768
2769
3645
3379
2771
2772
3451
3581
2774
2775
3380
3584
2981
2982
2778
2779
3373
3652
2781
2782
3383
3586
2983
2984
2985
3111
2786
2787
3391
3384
2973
2986
3112
3113
2987
3110
2988
3109
2989
3108
2990
3077
2797
2796
3179
2798
3177
3174
2991
3116
2992
3115
2993
3114
2994
3078
2995
3079
2996
3080
2997
3081
2998
3082
2999
3083
3000
3084
3001
3085
3002
3086
3003
3087
3004
3088
3005
3089
3006
3090
3205
2975
3161
2818
2819
3428
3610
3007
3117
3008
3118
3009
3091
2824
3216
2832
2826
2827
3204
3440
2829
3353
2830
3218
3010
3121
3220
3011
3122
3012
3120
3013
3119
2837
2838
3433
3614
2840
2841
3466
3588
3014
3015
3016
3124
3017
3123
2846
2847
3388
3617
2849
2850
3470
3591
3018
3019
3020
3126
3021
3125
2855
2856
3468
3620
2858
2859
3474
3593
3022
3023
3024
3128
3025
3127
2864
2865
3472
3623
2867
2868
3477
3595
3026
3027
3028
3130
3029
3129
3030
3092
3031
3093
3032
3094
3033
3095
3034
3096
3035
3097
3036
3098
3037
3099
3038
3100
3039
3101
3040
2884
3277
2885
3500
2887
2888
3745
3498
3041
3042
3043
3132
3044
3131
3046
3102
3045
3103
2895
2896
3507
3627
3047
3133
2899
2900
3511
3509
3048
3049
3050
3134
3051
3104
3052
3105
2906
2907
3515
3630
3053
3054
3055
3135
2911
2912
3613
3633
2914
2915
3521
3597
2917
2918
3524
3600
3056
3057
3058
3136
2922
2923
3520
3525
2925
3059
3355
2927
3060
3319
3061
3137
2930
2931
3529
3531
3062
3063
2934
2935
3542
3538
2937
3064
3603
2939
2940
3546
3547
3065
3066
3067
3139
3068
3138
2945
2946
3535
3522
3069
3070
2949
2950
3551
3556
3071
3072
2953
2954
3554
3769
2956
2957
3576
3604
3073
3074
2960
2961
3560
3577
2963
3344
2971
2965
2966
3579
3530
2968
3357
2969
3345
3076
3780
3346
3075
3140
3348
3349
3359
3350
3143
3145
3149
3148
3151
3153
3152
3155
3386
3157
3159
3162
3164
3406
3172
3176
3181
3185
3408
3416
3418
3419
3420
3421
3422
3423
3424
3425
3426
3413
3201
3210
3211
3214
3217
3362
3224
3229
3232
3401
3234
3237
3240
3378
3242
3245
3248
3475
3250
3253
3256
3479
3258
3260
3396
3484
3482
3487
3488
3491
3492
3493
3494
3274
3276
3278
3501
3280
3496
3286
3284
3289
3294
3291
3296
3516
3301
3305
3302
3307
3312
3309
3314
3316
3317
3322
3325
3324
3327
3328
3541
3330
3332
3336
3335
3339
3338
3342
3341
3606
3178
3173
3189
3190
3191
3192
3193
3194
3195
3196
3197
3198
3199
3200
3203
3215
3265
3266
3267
3268
3269
3270
3271
3272
3273
3275
3287
3288
3300
3517
3146
3144
3169
3166
3163
3158
3403
3160
3187
3183
3180
3431
3213
3230
3226
3382
3223
3238
3236
3246
3244
3254
3252
3263
3480
3282
3281
3290
3299
3308
3315
3323
3333
3447
3207
3351
3206
3209
3147
3545
3165
3478
3150
3375
3147
3352
3754
3367
3371
3150
3399
3752
3154
3372
3156
3449
3154
3585
3747
3156
3587
3653
3348
3385
3389
3390
3167
3390
3182
3405
3361
3168
3170
3392
3404
3165
3171
3725
3167
3168
3828
4092
3170
3171
3869
3913
3175
3394
3186
3407
3175
3410
3664
3184
3409
3178
3179
3411
3410
3202
3575
3182
3188
3671
3184
3394
3851
3186
3405
3673
3188
3409
3675
3414
3415
3417
3458
3460
3461
3459
3462
3446
3457
3445
3456
3444
3455
3443
3454
3430
3469
3429
3453
3412
3607
3360
3427
3202
3611
3669
3204
3212
3441
3206
3207
3885
3868
3209
3364
3708
3366
3464
3212
3465
3694
3225
3432
3219
3227
3262
3395
3221
3228
3222
3381
3219
3354
3649
3221
3222
3876
3880
3235
3387
3225
3231
3701
3227
3228
3837
3889
3233
3400
3231
3363
3702
3233
3590
3705
3235
3239
3891
3243
3467
3241
3377
3239
3448
3640
3241
3592
3714
3243
3247
3719
3251
3471
3249
3562
3247
3473
3819
3249
3594
3722
3251
3255
3727
3259
3261
3257
3537
3255
3476
3813
3257
3596
3729
3259
3264
3732
3261
3262
4125
3916
3264
3563
3905
3452
3483
3481
3485
3486
3565
3489
3567
3490
3568
3570
3626
3569
3571
3566
3572
3274
3561
3277
3365
3495
3279
3502
3497
3279
3499
3746
3283
3504
3285
3512
3283
3503
3802
3285
3629
3750
3365
3506
3508
3298
3518
3292
3295
3293
3297
3292
3293
3986
4048
3295
3510
3801
3297
3298
3954
3956
3304
3612
3514
3574
3303
3306
3303
3304
3993
4045
3306
3632
3751
3310
3313
3311
3519
3310
3311
3971
4042
3313
3602
3755
3439
3527
3318
3528
3320
3356
3318
3321
3800
3320
3321
4069
3972
3326
3543
3331
3534
3539
3609
3326
3533
3799
3329
3540
3329
3549
3797
3331
3334
3764
3337
3550
3334
3552
3795
3340
3553
3337
3523
3794
3343
3559
3340
3558
3793
3347
3463
3343
3605
3792
3536
3580
3358
3608
3347
3580
3791
3403
3364
3351
3352
4017
4009
3354
3442
3781
3356
3439
3873
3358
3530
3786
3360
3361
3777
3428
3363
3402
3670
3447
3480
3434
3505
3368
3639
3646
3398
3573
3371
3376
4053
3373
4075
3821
3375
3376
3991
4079
3378
3642
3473
3450
3647
3583
3644
3382
3650
3402
3651
3700
3385
3393
3657
3404
3449
3388
3839
3618
3403
3656
3658
3392
3393
3969
4088
3654
3396
3660
3452
3398
3399
3921
3841
3401
3643
3448
3709
3757
3655
3411
3478
3408
3666
3414
3677
3667
3667
3413
3663
3427
3692
3416
3662
3417
3844
3458
3460
3459
3461
3457
3462
3446
3456
3445
3455
3444
3454
3443
3469
3430
3453
3429
3607
3866
3668
3788
3689
3464
3465
3433
3884
3615
5031
5501
4122
4214
4121
4122
4121
4123
4123
4204
3698
3441
3442
3695
3877
3641
3861
3860
3858
3463
3765
3895
3451
4021
3582
3648
3864
3687
3686
3685
3684
3682
3717
3680
3679
3712
3707
3770
3696
3589
3616
3468
3899
3621
3723
3619
3716
3472
3933
3624
3894
3622
3721
3476
3562
3726
3625
3728
3823
3537
3563
3504
3482
3783
3486
3484
3736
3485
3735
3733
3565
3567
3489
3490
3929
3924
3568
3626
3569
3570
3566
3571
3561
3572
3496
3749
3508
3500
3776
3499
3827
3854
3744
3502
3503
3940
3942
3748
3564
3771
3507
4071
3628
3928
3510
3513
3952
3512
3513
3947
4167
3515
3856
3631
3518
3574
3545
3573
3753
3520
3949
3526
3598
3635
3523
3962
3950
3599
3601
3526
3527
4158
3943
3529
3999
3532
3763
3532
3533
4197
3966
3535
3980
3962
3555
3758
3759
3539
3544
3974
3541
3762
3552
3543
3544
4037
4187
3816
3548
3637
3548
3549
3935
4039
3551
4005
3557
3909
3554
4186
3787
3575
4006
3557
3558
4192
3983
3560
3994
3578
3775
3741
3638
3636
3730
3731
3810
3920
3739
3808
3897
3807
3805
3804
3982
3959
3768
3779
3578
3579
3977
3763
3853
3582
3583
4201
4002
3585
3644
3833
3587
3651
4011
3589
3590
3829
4014
3592
3716
3874
3594
3721
4022
3596
3728
4024
3598
3599
3902
4026
3601
3602
3988
3963
3609
3637
3605
3768
4029
3608
3756
3789
3690
3773
3611
3668
4038
3613
3867
3634
3615
3616
4174
4051
3618
3619
4118
3870
3621
3622
4109
4007
3624
3625
4177
3862
3720
3628
3629
4144
4061
3631
3632
4106
4058
3634
3635
4162
4056
3691
3756
3699
3761
3906
3941
4054
3767
4063
3688
3903
3715
3893
3706
3766
3831
3646
3647
3835
3659
3661
3737
3782
3836
3710
3882
3912
3700
3821
3910
4013
3665
4055
3672
3838
3657
3658
4084
3938
3840
4020
3661
3917
4086
3693
3843
3790
3918
3665
3824
4219
3674
3846
3822
3778
3960
4073
3703
3711
3672
3676
4430
3674
3838
4095
3676
3678
4098
3678
4065
4099
3681
3852
3681
3683
4190
3683
4064
4268
3713
3857
3859
4001
3955
4067
3688
4066
4147
3724
3863
3691
3865
3936
3693
3846
4251
3695
3697
3878
3697
3772
4116
3872
3944
3774
3934
3825
3704
3883
3703
3704
4292
4340
3706
4016
4093
3708
3791
3886
3710
3711
4398
4299
3713
3718
4225
3715
3875
4130
3830
3718
3852
4263
3820
3898
3740
3896
3901
3742
4023
3724
3903
4128
3832
3915
3743
3814
3815
3932
4137
3760
4025
3926
3937
3734
3919
3907
4142
3734
3785
4136
3738
3784
3737
3738
4336
4272
3740
3925
4082
3742
3743
4309
4556
3745
3904
3827
3855
3939
3834
4149
3749
3803
3927
3946
4062
3992
4059
3842
3990
3958
3981
3817
4010
3964
3970
5501
3968
4035
3888
3961
3760
3761
4388
4378
3798
3908
3976
3796
3979
3766
3767
4400
4390
3848
3779
3787
3771
3772
3997
4227
3774
3975
4155
3776
3806
4000
3778
3948
4038
3826
4204
5501
3782
3879
4200
3784
3785
4240
4423
3865
3978
4032
3987
4034
3790
4034
4215
3845
3995
4031
3984
4205
3951
4004
3796
3965
4196
3798
4041
4223
3967
4036
3973
3998
3953
3985
3803
3942
4143
3818
3922
3806
3812
4102
3809
3811
3809
4060
4101
3811
3812
4266
4462
3814
3815
4457
4458
3817
3818
4317
4296
3820
3945
4308
3849
3823
3824
3832
4078
3850
3911
3847
4033
3900
3938
4152
4015
4052
3871
4231
4003
4228
4077
3834
4228
4236
3840
3941
3837
4414
4380
4217
3892
4119
4085
3842
3923
4247
3844
4172
4064
3853
4089
4091
3848
4476
4030
3850
4183
4254
4055
4065
4097
3888
3855
4131
4269
4072
4105
3858
4107
3859
4271
4001
4067
3955
4066
4083
4179
3864
4112
3987
4138
3918
3948
4047
4163
3887
4018
3914
4115
3871
4120
4258
3873
4076
4068
3875
4231
4281
3881
3890
3878
3879
4117
4255
3881
3882
4372
4277
3884
4241
4175
3886
3887
4090
4291
4113
3890
4380
4295
3892
4063
4127
3894
4220
3945
3910
4035
3897
4305
4060
3899
4482
4110
3904
4131
4008
4126
4027
4057
4133
4000
3906
3907
4298
4314
3909
4141
3965
4195
3912
4474
4012
3914
3915
4422
4327
3917
4207
4259
4087
3920
4287
3930
3922
3923
4478
4548
3925
3931
4450
3997
4140
3928
4143
4070
3930
3931
4480
4553
3933
4238
4178
3935
4348
4040
3937
4319
4342
4139
3940
4439
4232
4153
4232
3944
4344
4351
4132
3947
4302
4168
4363
4044
4157
3951
4182
4355
3953
4169
4361
3957
4050
4165
3957
3958
4275
4364
3960
3961
4312
4276
4180
3964
3989
4369
4371
3967
4199
4375
3969
4367
4246
3971
4350
4043
3973
4274
4384
3975
4189
4386
3977
3978
3996
4392
3980
4408
4181
3982
4184
4072
3984
4194
4395
3986
4417
4049
4170
3989
4028
4405
3991
4472
4080
3993
4245
4046
3995
3996
4568
4393
4349
3999
4335
4198
4103
4229
4003
4203
4415
4005
4235
4193
4233
4008
4111
4418
4010
4019
4426
4012
4013
4569
4428
4015
4016
4243
4324
4018
4019
4242
4607
4021
4249
4202
4023
4126
4431
4025
4210
4434
4027
4028
4304
4436
4030
4031
4502
4290
4033
4212
4253
4124
4438
4037
4303
4188
4073
4040
4041
4579
4443
4043
4044
4564
4339
4046
4047
4512
4382
4049
4050
4517
4410
4052
4176
4403
4054
4081
4446
4074
4057
4164
4448
4059
4310
4452
4159
4062
4146
4460
4150
4104
4244
4094
4108
4069
4334
4274
4071
4280
4145
4156
4135
4261
4397
4149
4183
4333
4352
4078
4328
4219
4080
4081
4629
4618
4409
4451
4137
4206
4088
4139
4154
4248
4260
4337
4216
4722
4246
4090
4114
4291
4096
4250
4115
4152
4326
4401
4166
4297
4096
4218
4595
4191
4262
4100
4445
4100
4264
4593
4160
4265
4103
4464
4301
4173
4267
4106
4346
4310
4226
4270
4230
4252
4110
4111
4674
4827
4129
4306
4114
4276
4509
4239
4117
4227
4256
4119
4120
4294
4520
4171
4288
4142
4207
4289
4151
4293
4129
4134
4525
4221
4283
4301
4222
4307
4134
4148
4582
4311
4363
4286
4425
4210
4319
4394
4320
4323
4343
4224
4381
4211
4208
4145
4146
4641
4703
4148
4297
4523
4209
4151
4391
4561
4161
4154
4447
4562
4347
4387
4185
4345
4158
4466
4344
4160
4377
4685
4322
4357
4163
4164
4362
4557
4166
4252
4511
4168
4169
4537
4723
4171
4306
4565
4173
4420
4566
4175
4176
4609
4731
4178
4179
4490
4284
4181
4182
4898
4701
4358
4185
4366
4576
4205
4212
4188
4189
4534
4779
4191
4442
4587
4193
4194
4485
4765
4429
4469
4407
4412
4198
4199
4552
4760
4257
4413
4202
4203
4783
4782
5031
4213
4285
4353
4491
4234
4280
4237
4359
4354
4316
4545
4330
4331
4396
4233
4216
4288
4790
4218
4483
4721
4261
4221
4222
4655
4821
4224
4444
4535
4226
4329
4591
4349
4454
4230
4313
4604
4279
4234
4441
4356
4484
4237
4456
4763
4459
4489
4357
4421
4273
4424
4341
4608
4468
4606
4325
4404
4264
4397
4453
4513
4321
4471
4550
4249
4706
4784
4251
4541
4420
4515
4332
4475
4360
4473
4256
4257
4623
4953
4278
4522
4260
4611
4639
4495
4263
4572
4329
4628
4266
4746
4463
4268
4526
4442
4440
4498
4271
4506
4313
4273
4338
4652
4492
4365
4411
4508
4374
4470
4279
4669
4282
4507
4282
4283
4904
4670
4285
4625
4656
4287
4589
4479
4714
4419
4432
4504
4524
4468
4300
4528
4294
4710
4521
4373
4598
4318
4477
4530
4315
4379
4300
4399
4640
4498
4461
4536
4376
4533
4449
4575
4377
4409
4668
4308
4590
4481
4433
4540
4542
4312
4830
4508
4645
4315
4316
4643
4692
4318
4427
4532
4529
4321
4322
4368
4636
4494
4505
4325
4326
4697
4695
4328
4637
4496
4486
4331
4332
4642
4881
4334
4812
4620
4385
4551
4337
4338
4803
4937
4465
4659
4341
4528
4926
4343
4624
4707
4499
4346
4752
4543
4348
4651
4580
4623
4370
4563
4352
4501
4712
4354
4614
4717
4356
4702
4718
4586
4359
4360
4621
4952
4416
4638
4383
4558
4722
4365
4366
4679
4724
4368
4467
4658
4370
4406
4735
4381
4412
4373
4374
4737
4729
4376
4762
4678
4538
4379
4389
4743
4597
4601
4383
4514
4747
4385
4493
4749
4387
4780
4753
4389
4435
4755
4391
4402
4758
4393
4394
4908
4923
4396
4767
4776
4488
4399
4470
4768
4401
4402
4682
4915
4404
4733
4845
4406
4437
4770
4408
4740
4927
4546
4411
4519
4772
4574
4414
4957
4689
4455
4622
4417
4781
4518
4419
4829
4786
4599
4422
4794
4637
4424
4425
4626
4787
4427
4691
4715
4429
4571
4817
4445
4483
4432
4433
4819
4791
4435
4717
4676
4437
4575
4824
4467
4469
4440
4441
4796
5034
4666
4444
4581
4837
4584
4447
4619
4839
4449
4559
4843
4451
4555
4847
4453
4544
4850
4455
4456
4632
4993
4487
4577
4459
4577
4852
4461
4704
4854
4463
4464
4981
4836
4466
4649
4500
4634
4510
4527
4578
4472
4663
4630
4474
4742
4570
4476
4849
4503
4478
4681
4549
4480
4832
4554
4482
4728
4673
4560
4485
4635
4766
4573
4615
4539
4556
4497
4627
4490
4617
4625
4545
4611
4493
4620
4857
4623
4953
4496
4497
4936
5228
4616
4500
4501
4885
5020
4503
4504
4944
4647
4708
4872
4592
4644
4641
4650
4654
4510
4690
4660
4516
4662
4513
4514
4664
4897
4516
4605
4990
4518
4519
4966
5063
4521
4522
4920
4774
4531
4648
4568
4672
4583
4667
4567
4665
4633
4818
4688
4624
4907
4531
4662
4998
4680
4716
4534
4809
4984
4602
4838
4537
4683
4886
4547
4684
4613
4833
4556
4612
4596
4677
4543
4544
5142
5159
4610
4547
4848
4932
4549
4550
4878
4699
4552
4748
4761
4554
4555
5171
5092
4558
4559
4815
4861
4585
4720
4709
4759
4705
4840
4564
4711
4659
4713
4734
4567
4600
4905
4908
4570
4571
5001
5128
4573
4588
4870
4603
4739
4741
4726
4751
4834
4730
4778
4580
4581
4888
5130
4583
4648
5041
4585
4594
4969
4636
4793
4588
4807
4967
4789
4831
4727
4823
4592
4615
4940
4594
4646
4979
4596
4813
4986
4598
4689
4841
4600
4677
4988
4602
4603
5110
5220
4605
4675
4918
4607
4661
4691
4609
4856
4732
4694
4924
4860
4613
4792
4864
4657
4977
4859
4795
4836
4853
4912
4619
4631
5090
4971
4764
5002
4782
4797
4874
4911
4653
4788
4628
4865
4646
4630
4631
4900
5253
4798
4994
4634
4866
4686
4719
4868
4658
4934
4723
4804
4802
4873
4687
4769
4877
4777
4880
4693
4744
4645
4882
4675
5008
4806
4946
4883
4801
4884
5034
5048
4754
4887
4653
4939
5032
4690
4964
4671
4822
4657
4913
5076
4686
4799
4661
5245
4890
4867
4700
4899
4851
4896
4666
4901
4807
4668
4974
4734
4775
4903
4671
5062
5037
4806
4907
4674
5069
4828
5030
4756
4978
4909
4808
5146
4725
4773
4681
5074
5075
4696
4914
4855
4893
4685
4919
4745
4949
4688
5014
4985
4910
5167
4889
4693
4694
5223
5078
4696
4698
5013
4698
4846
5080
4700
4879
5082
4702
4929
5084
4704
4877
5087
4706
5073
5096
4708
4876
5098
4710
5234
4921
4736
4800
4811
5022
4714
4942
4810
4716
4891
5104
4976
4719
5086
5108
4721
4948
4813
4816
4886
4725
4726
5178
5114
4728
5018
5068
4730
4738
5118
4732
4733
4997
5120
4959
4736
4771
5124
4738
4842
5126
4740
5115
5133
4825
4844
4958
5000
4744
4757
5123
4746
5066
4982
4814
4992
4750
4954
4750
4858
5113
4752
5232
5141
4754
5170
5143
4756
4757
5191
5310
4759
5136
5070
4761
4762
4955
5144
4764
4995
5025
4766
4767
4869
5150
4769
4778
5187
4771
4826
5153
4773
5064
5162
4775
4922
5163
4777
5152
5165
4947
4780
4984
5168
4805
4965
4785
4784
4785
5097
5174
4835
5135
4788
4789
5055
5320
4810
4816
4792
4820
5181
4794
4951
4935
4796
5259
5056
4798
5176
5006
4800
4801
5009
5248
4803
5227
4938
4805
4894
5024
4875
4895
4809
5194
5038
4916
4812
5077
4972
5107
4815
5047
4862
4830
4818
5129
5184
4820
4835
5148
4822
4823
5058
5188
4825
4826
5200
5100
4828
4829
5260
5134
4964
4832
5177
5172
4834
5112
5061
4963
4983
4838
5132
5204
4840
5091
5206
4842
4930
5208
4844
4863
5209
4846
5122
5211
4848
5093
5213
4925
4945
4851
5161
5202
4853
5061
5216
4855
5089
5218
4917
4996
4858
4973
5335
4871
5005
4873
4924
4862
4863
5373
5553
5111
5183
5007
5230
4950
5185
4991
5195
4869
5017
5151
4871
4968
5255
4910
4957
4928
4875
4876
5103
5371
5019
4879
5075
5263
4881
4956
4925
4941
5029
4999
5040
4885
5033
5021
4892
4888
5244
5131
4890
4891
5494
5530
4893
4894
5199
5272
4902
5139
4897
5035
4992
4927
4929
4900
5060
5269
4902
4906
5279
4904
5094
5062
4906
4989
5280
4923
4923
4987
5004
4930
4912
4913
5140
5287
4915
5045
5136
4943
5149
4926
4931
5053
5067
4933
5065
4921
4922
5375
5509
4961
5117
4985
5095
4962
5226
5023
5099
5011
5071
4933
5214
5275
4935
4936
5421
5229
4938
4939
5378
5545
4941
5005
5294
4943
4960
5252
4945
4946
5156
5102
5119
5215
4970
5106
4950
4951
5251
5432
4958
5002
4957
4955
5237
5145
5116
5166
5028
4960
4975
5298
4962
5079
5306
5147
5240
5149
4966
5050
5313
4968
5139
5314
4970
4980
5319
4972
4973
5271
5496
4975
5059
5285
4977
4978
5196
5192
4980
5012
5290
4982
4983
5357
5337
5039
5010
4987
5235
5338
4989
5004
5339
4991
5067
5342
5016
4994
4995
5043
5345
4997
5072
5121
4999
5195
5348
5001
5052
5351
5003
5026
5027
5281
5540
5042
5396
5008
5247
5012
5125
5353
5011
5015
5508
5296
5044
5081
5015
5246
5370
5036
5046
5109
5346
5190
5343
5048
5088
5021
5022
5256
5137
5085
5101
5049
5274
5026
5524
5507
5028
5249
5051
5030
5300
5053
5054
5419
5257
5268
5056
5036
5203
5325
5057
5333
5039
5328
5169
5041
5283
5059
5043
5536
5401
5045
5397
5317
5047
5358
5372
5323
5050
5454
5380
5052
5356
5384
5266
5055
5420
5360
5321
5058
5487
5189
5499
5083
5400
5276
5331
5064
5313
5538
5066
5403
5364
5265
5069
5344
5261
5233
5318
5072
5409
5405
5207
5412
5105
5402
5418
5197
5288
5138
5270
5079
5225
5390
5081
5212
5291
5083
5264
5537
5085
5086
5439
5549
5088
5089
5395
5388
5091
5254
5451
5093
5173
5434
5164
5332
5101
5133
5097
5436
5175
5099
5250
5208
5154
5201
5295
5103
5158
5371
5105
5585
5561
5107
5284
5235
5109
5558
5467
5205
5221
5112
5362
5277
5236
5336
5180
5231
5222
5303
5117
5355
5157
5119
5127
5367
5121
5122
5406
5473
5224
5312
5125
5155
5476
5127
5238
5302
5129
5351
5433
5131
5132
5516
5478
5304
5135
5262
5239
5316
5138
5258
5481
5386
5217
5305
5142
5430
5160
5243
5427
5145
5146
5307
5241
5148
5443
5182
5186
5151
5152
5347
5566
5154
5155
5424
5563
5157
5158
5326
5513
5160
5161
5550
5477
5179
5446
5164
5491
5490
5166
5575
5447
5186
5245
5169
5170
5567
5458
5172
5173
5293
5521
5175
5176
5557
5489
5292
5334
5179
5180
5495
5554
5182
5183
5515
5389
5185
5416
5324
5252
5215
5246
5189
5190
5529
5488
5193
5311
5193
5198
5556
5242
5327
5329
5197
5198
5440
5572
5219
5273
5201
5210
5330
5203
5417
5456
5205
5479
5503
5207
5377
5282
5238
5210
5551
5504
5212
5475
5500
5214
5431
5505
5289
5217
5278
5460
5219
5525
5510
5221
5222
5408
5425
5224
5225
5359
5399
5227
5484
5376
5229
5230
5421
5387
5232
5369
5429
5234
5485
5374
5286
5237
5442
5308
5602
5240
5383
5465
5242
5309
5480
5244
5379
5552
5299
5423
5251
5324
5268
5353
5284
5286
5371
5513
5387
5297
5254
5269
5517
5315
5518
5257
5258
5361
5526
5322
5337
5261
5262
5522
5382
5264
5435
5392
5267
5528
5267
5301
5527
5352
5457
5271
5437
5497
5273
5274
5468
5398
5426
5523
5277
5278
5469
5535
5385
5539
5341
5536
5340
5507
5294
5540
5350
5514
5356
5413
5532
5338
5288
5305
5414
5463
5565
5407
5415
5408
5425
5293
5428
5578
5506
5391
5438
5324
5415
5298
5299
5413
5494
5301
5506
5519
5326
5355
5304
5445
5391
5444
5368
5482
5308
5309
5462
5562
5311
5312
5492
5466
5520
5315
5404
5544
5317
5318
5455
5493
5356
5407
5334
5360
5322
5323
5381
5393
5359
5466
5602
5328
5459
5568
5349
5392
5414
5444
5332
5333
5570
5410
5354
5336
5498
5471
5357
5507
5340
5341
5524
5401
5392
5537
5344
5422
5472
5401
5524
5347
5449
5601
5349
5350
5435
5448
5411
5361
5362
5363
5365
5366
5367
5364
5466
5492
5399
5441
5389
5363
5469
5381
5380
5428
5441
5446
5447
5390
5417
5511
5546
5449
5467
5373
5512
5579
5375
5599
5596
5378
5546
5451
5506
5581
5450
5582
5520
5394
5383
5598
5584
5407
5411
5386
5486
5404
5432
5525
5534
5526
5456
5564
5394
5395
5403
5534
5486
5539
5408
5455
5452
5533
5456
5457
5528
5448
5574
5426
5541
5406
5583
5474
5531
5571
5459
5502
5433
5436
5518
5542
5504
5416
5433
5477
5435
5448
5461
5545
5461
5495
5432
5442
5462
5463
5543
5444
5460
5445
5534
5458
5464
5547
5430
5600
5590
5434
5533
5453
5544
5443
5465
5439
5593
5559
5504
5560
5495
5470
5481
5500
5538
5565
5543
5464
5491
5519
5453
5454
5521
5547
5503
5527
5569
5487
5563
5554
5488
5595
5490
5576
5508
5505
5533
5476
5471
5472
5587
5522
5474
5475
5589
5577
5535
5483
5479
5580
5555
5487
5529
5515
5483
5484
5550
5594
5548
5599
5489
5562
5541
5573
5509
5512
5503
5555
5542
5497
5498
5576
5588
5514
5532
5564
5568
5570
5510
5571
5596
5523
5554
5581
5556
5602
5574
5526
5552
5580
5519
5527
5540
5538
5578
5598
5525
5537
5562
5542
5585
5559
5583
5586
5563
5539
5557
5601
5557
5581
5600
5578
5555
5580
5558
5559
5590
5553
5560
5592
5579
5597
5571
5572
5574
5586
5577
5591
5575
5603
5568
5569
5573
5573
5597
5591
5584
5593
5597
5592
5596
5589
5588
5586
5588
5598
5593
5594
5595
5599
5600
5603
5603
)


// ************************************************************************* //
